50.94 -8.94
51.75 -8.94
12.94 -0.43
-18.60 10.22
-4.04 2.13
41.24 -16.19
56.60 13.20
30.73 -17.89
3.23 14.91
38.01 -3.83
48.52 3.41
12.94 8.94
-3.23 -8.09
6.47 -20.02
5.66 12.78
42.05 17.89
41.24 -17.89
-17.79 20.44
25.07 17.89
39.62 0.00
19.41 17.46
46.09 -8.94
6.47 10.22
-13.75 -6.39
29.92 14.06
0.00 17.04
47.71 6.81
20.22 -4.69
-16.17 10.65
18.60 13.63
53.37 -0.85
-14.56 12.78
12.94 -18.32
-11.32 -16.19
-5.66 -10.65
20.22 20.87
16.98 3.83
44.47 -0.43
3.23 -0.85
54.99 -5.11
-2.43 19.17
-19.41 15.33
-17.79 14.48
-5.66 8.52
-19.41 16.61
-8.09 16.19
-19.41 -2.56
42.05 16.19
36.39 8.09
1.62 2.98
-8.89 -12.78
-13.75 8.09
54.18 16.19
25.88 -14.91
33.15 18.74
1.62 -14.06
25.07 -6.39
-12.94 1.70
14.56 12.35
44.47 -13.63
-0.81 -4.26
-3.23 -9.80
8.89 -7.24
-23.45 10.22
-4.04 -6.39
12.94 19.59
0.00 -4.69
0.81 -15.76
10.51 -12.78
25.07 -0.43
39.62 19.17
16.17 -14.91
-3.23 -2.56
-20.22 -3.83
-13.75 -17.46
-19.41 -12.35
21.02 -6.39
-3.23 -4.26
-8.09 3.83
43.67 2.56
21.02 -8.09
21.83 5.11
-22.64 -6.81
-5.66 -13.63
12.94 -2.98
5.66 2.56
29.92 -16.19
49.33 -16.19
42.05 -12.78
45.28 -12.35
-19.41 -16.19
-19.41 -3.83
27.49 -5.96
12.13 19.17
12.94 3.41
13.75 2.13
33.96 -3.83
48.52 -16.61
2.43 20.87
-18.60 15.33
35.58 14.48
43.67 -18.74
-12.13 -20.44
41.24 -15.33
50.94 11.07
-24.26 18.74
4.85 16.19
-22.64 4.69
56.60 0.43
-8.89 7.67
9.70 -20.02
46.90 -4.69
26.68 -19.59
43.67 20.02
0.00 -16.19
50.94 -12.35
-1.62 -10.65
-16.98 2.56
27.49 -11.50
-16.17 -19.17
12.94 -0.85
5.66 -6.39
15.36 2.56
51.75 19.59
23.45 14.91
-2.43 -8.09
-2.43 -8.94
-10.51 -12.78
16.17 17.04
-21.83 -10.65
17.79 19.17
49.33 10.65
17.79 -17.04
1.62 -5.11
17.79 3.41
13.75 14.91
-5.66 -12.78
6.47 0.85
21.02 -7.67
6.47 17.46
16.17 -8.94
56.60 14.48
54.99 -12.35
33.96 15.33
-3.23 -18.32
7.28 -3.83
50.13 1.70
16.17 -20.87
38.81 19.17
55.80 -2.98
-5.66 7.67
-20.22 2.98
34.77 -20.02
44.47 14.48
29.11 6.39
9.70 0.85
8.89 -20.44
7.28 -7.24
2.43 -8.94
13.75 -2.98
46.90 -17.04
51.75 -16.19
-16.17 18.32
29.92 -1.28
17.79 -20.44
-5.66 7.67
12.94 -8.09
-21.02 3.41
51.75 6.39
-24.26 9.80
-20.22 20.02
47.71 16.61
-24.26 -5.11
34.77 -10.22
15.36 18.74
43.67 14.06
56.60 0.43
52.56 17.89
27.49 18.74
-4.04 14.06
28.30 -14.06
12.94 6.39
-4.04 0.43
18.60 1.28
5.66 14.91
-18.60 -17.46
56.60 -14.06
-4.85 21.30
-14.56 -10.22
56.60 -1.28
42.05 -7.67
-22.64 -13.20
25.07 13.63
-1.62 -4.26
45.28 14.91
33.96 -19.59
42.05 0.43
39.62 -11.07
-21.83 -18.32
18.60 -3.83
0.81 9.37
4.85 -17.46
16.17 -4.69
-3.23 2.56
-19.41 -10.22
43.67 12.35
28.30 -20.02
10.51 -5.54
21.02 20.02
-9.70 -15.76
13.75 10.65
48.52 11.93
40.43 -16.61
9.70 -0.85
12.13 16.19
-16.98 8.09
-22.64 -6.39
2.43 2.56
8.89 -11.07
4.04 5.54
44.47 -16.19
-9.70 2.13
-16.17 -17.46
-8.09 7.24
21.02 -7.67
-23.45 19.17
46.90 -11.93
15.36 8.94
-13.75 -10.22
45.28 -7.67
-16.98 8.09
25.88 0.85
-4.04 -4.26
-4.04 4.26
3.23 -10.65
31.54 14.91
15.36 -13.63
-17.79 -12.35
28.30 -1.28
-16.98 16.61
14.56 20.44
43.67 -13.20
16.98 11.07
43.67 -7.67
4.04 -2.13
-2.43 -3.83
28.30 20.02
19.41 -2.98
10.51 18.32
55.80 -17.04
0.81 -13.20
14.56 -7.24
-9.70 -2.98
44.47 -13.63
12.94 -6.81
29.11 14.06
38.81 8.52
42.86 10.65
15.36 -17.46
14.56 18.32
33.96 -12.78
19.41 5.96
10.51 -7.67
-8.89 20.02
23.45 -2.56
-10.51 -6.39
-14.56 -2.98
46.90 -12.78
55.80 4.69
3.23 14.06
-9.70 19.59
14.56 -7.24
16.17 15.33
21.83 9.80
0.00 20.44
32.35 -19.59
-5.66 11.07
-7.28 9.37
10.51 -18.74
55.80 -9.80
-7.28 3.83
25.88 -14.06
15.36 3.41
23.45 -12.35
-4.85 -7.67
6.47 4.69
33.96 -7.24
-10.51 14.48
32.35 -5.54
-7.28 13.63
41.24 20.87
55.80 18.32
-23.45 17.89
-14.56 3.41
12.13 18.74
-19.41 0.00
-18.60 -15.33
41.24 12.35
43.67 9.80
22.64 1.70
37.20 8.52
40.43 2.13
46.90 -2.98
-11.32 7.67
23.45 -20.87
-14.56 -14.06
-17.79 -14.06
10.51 9.37
30.73 10.22
-6.47 16.19
-8.09 6.39
-7.28 10.22
-4.04 9.80
25.07 -13.20
16.17 10.65
8.09 -8.52
-20.22 4.69
29.92 -20.87
-12.13 7.67
11.32 -11.93
52.56 21.30
45.28 -17.04
24.26 -5.11
16.17 9.80
8.09 16.19
-1.62 -14.48
-17.79 8.09
19.41 -13.20
21.02 14.48
2.43 -17.04
24.26 -21.30
17.79 10.22
-16.98 17.04
2.43 1.28
54.99 10.65
5.66 -2.98
24.26 11.93
-9.70 -9.37
34.77 -6.39
29.11 4.26
-20.22 20.44
27.49 9.37
56.60 -20.87
39.62 -2.13
15.36 -12.35
29.11 -1.28
-16.98 -11.07
10.51 -14.91
46.09 15.33
-4.04 -17.89
-12.94 12.35
4.04 -14.48
52.56 15.33
32.35 -18.32
-16.98 -5.96
36.39 2.98
11.32 6.81
47.71 17.04
25.07 20.02
46.90 12.35
3.23 12.35
10.51 5.54
-0.81 -18.32
46.09 -8.94
27.49 -19.59
-12.94 -10.22
-15.36 -8.94
-14.56 16.19
16.98 1.70
12.13 -18.74
56.60 -8.52
37.20 17.46
-20.22 -9.37
46.09 4.26
1.62 -11.93
15.36 -10.22
40.43 -15.33
-12.94 2.98
44.47 20.02
-1.62 12.78
-12.94 -2.13
46.09 21.30
44.47 8.52
-21.83 5.54
0.81 -14.48
10.51 -10.65
50.94 -9.80
50.94 -0.85
42.86 -13.63
21.83 -5.11
54.18 19.17
17.79 11.93
44.47 -6.81
22.64 2.98
-14.56 -10.65
14.56 -18.74
31.54 -0.85
-16.98 -1.28
20.22 11.93
27.49 -11.93
-19.41 5.11
-8.89 9.37
49.33 -20.87
15.36 17.46
-24.26 -15.76
29.92 18.32
29.11 -17.46
12.94 17.46
40.43 -10.65
-8.89 -10.65
53.37 -6.81
-21.02 -5.96
22.64 20.02
26.68 20.87
-7.28 13.20
41.24 11.93
50.13 -12.35
55.80 0.85
2.43 -7.24
26.68 2.56
32.35 -14.48
-16.98 -3.41
9.70 2.56
-12.13 17.89
42.86 -6.81
-11.32 -5.96
10.51 16.19
45.28 21.30
11.32 -1.70
18.60 18.74
3.23 -9.80
15.36 10.65
38.01 2.56
10.51 -11.07
19.41 -9.80
-15.36 13.20
-9.70 -7.67
13.75 -14.06
54.18 -15.33
49.33 -16.61
-4.85 -13.20
-8.89 4.69
55.80 14.91
11.32 -8.52
37.20 -12.78
45.28 -11.07
53.37 9.80
41.24 3.83
7.28 6.81
-10.51 -3.83
28.30 17.04
-19.41 19.59
35.58 19.17
29.92 10.22
14.56 21.30
28.30 -9.80
19.41 2.13
18.60 7.24
10.51 -9.37
6.47 -17.89
25.88 -20.44
-10.51 0.85
35.58 0.43
38.81 19.59
42.05 1.28
-16.17 14.06
12.94 -18.32
52.56 15.76
50.94 17.46
22.64 -19.59
43.67 -12.78
17.79 -12.78
38.01 8.94
44.47 -8.94
-4.04 -2.13
45.28 10.65
-5.66 -7.67
-19.41 16.61
-23.45 -8.52
50.94 -5.54
-13.75 -6.39
5.66 -5.11
44.47 4.69
6.47 -6.81
-18.60 7.24
24.26 -15.33
43.67 5.54
-3.23 -14.91
47.71 -10.65
-18.60 -6.81
11.32 8.09
32.35 -15.76
-24.26 -8.09
40.43 3.83
51.75 14.91
28.30 14.48
45.28 0.85
-4.04 17.89
48.52 5.96
40.43 16.19
50.94 -17.04
56.60 -20.44
-16.98 11.50
18.60 21.30
-15.36 17.04
53.37 0.85
-8.09 -18.32
-22.64 8.94
25.07 7.67
-22.64 6.81
56.60 -15.76
44.47 18.74
-5.66 0.00
-2.43 19.59
6.47 13.63
28.30 10.65
18.60 13.63
55.80 12.78
21.83 -12.78
11.32 -0.43
32.35 12.35
42.86 5.54
-14.56 -17.04
27.49 8.52
-10.51 12.35
42.86 -4.26
-19.41 -14.91
1.62 -8.09
-19.41 14.91
29.92 14.48
32.35 1.70
46.09 -4.69
-16.98 19.59
49.33 19.59
13.75 -16.19
15.36 -15.76
49.33 -0.85
-4.85 -4.69
24.26 8.94
13.75 11.07
-14.56 9.80
-3.23 13.20
7.28 5.11
4.04 -19.59
29.11 14.48
5.66 -20.87
40.43 -14.06
34.77 14.06
55.80 20.44
-4.04 -17.89
6.47 0.85
0.00 -14.48
-11.32 2.56
14.56 -5.54
51.75 -13.20
-3.23 -14.91
-21.02 8.94
14.56 11.93
46.09 13.20
-4.85 13.63
54.99 -1.70
18.60 -2.13
29.92 2.13
19.41 16.19
-13.75 -9.37
35.58 10.65
-5.66 16.61
0.81 -20.87
12.94 -15.33
16.17 -16.61
21.02 -11.50
4.04 -6.39
30.73 20.02
29.11 18.74
4.85 13.20
30.73 -12.35
14.56 -15.33
4.04 7.24
10.51 -14.48
19.41 5.54
5.66 5.11
50.94 -14.91
-8.09 17.04
44.47 2.13
42.86 5.96
16.98 7.24
54.18 -3.83
9.70 -5.54
-8.09 21.30
-21.02 2.13
15.36 -18.32
-7.28 -3.83
37.20 2.98
17.79 1.70
-4.85 -17.04
10.51 18.32
6.47 1.70
4.85 -11.50
54.99 11.50
10.51 -10.22
44.47 4.26
11.32 -6.81
46.09 -11.93
-9.70 10.22
17.79 15.33
36.39 -8.52
-1.62 1.70
24.26 -18.74
20.22 -15.33
33.96 -12.35
6.47 -8.52
7.28 -5.96
33.96 -7.67
11.32 13.63
47.71 -15.33
38.01 0.85
-0.81 2.98
0.81 -17.46
29.11 20.44
33.96 14.91
56.60 16.61
-0.81 -17.89
-16.17 -0.85
-6.47 -4.69
-19.41 -10.22
3.23 -17.89
25.88 21.30
-18.60 15.33
-16.98 -17.04
28.30 17.04
28.30 -4.69
-8.89 15.33
51.75 19.17
56.60 10.22
5.66 -2.56
33.15 -10.22
31.54 -7.67
-0.81 0.43
11.32 1.70
-5.66 -17.04
-18.60 -19.59
-21.83 11.50
8.89 0.00
49.33 -18.74
-4.04 -2.56
47.71 13.20
4.04 -2.56
16.98 2.98
20.22 2.56
4.04 9.80
31.54 -7.24
-23.45 -20.87
21.02 -8.09
-17.79 1.70
8.89 10.22
17.79 -5.11
-18.60 9.80
-3.23 9.80
-4.04 -6.81
52.56 -5.11
26.68 -2.13
50.13 -20.87
45.28 -1.28
35.58 14.48
29.11 0.00
-8.89 18.74
19.41 2.98
-0.81 -14.91
44.47 19.17
42.05 14.06
-6.47 1.70
-21.02 1.28
12.94 8.94
50.94 -12.35
37.20 -3.83
-4.04 -4.69
21.02 13.63
22.64 18.32
46.90 9.37
-8.89 -20.87
39.62 -2.13
47.71 -2.56
4.04 3.41
5.66 -11.93
31.54 -17.46
-8.09 -4.26
-22.64 12.35
-16.17 -11.93
37.20 19.17
46.09 -20.44
50.13 -11.50
-13.75 8.94
29.11 -5.11
-12.13 -0.43
10.51 5.96
43.67 5.54
-22.64 -6.81
17.79 4.69
40.43 14.06
-4.04 11.93
14.56 -17.46
27.49 -3.83
38.81 8.09
24.26 -8.94
-7.28 -11.93
52.56 -18.74
26.68 19.17
15.36 19.17
11.32 7.24
-11.32 11.07
7.28 -14.48
-4.04 12.78
53.37 -21.30
8.09 -1.70
48.52 15.76
-10.51 0.43
18.60 2.56
51.75 -5.11
39.62 -6.39
-7.28 -2.13
54.99 -12.35
54.18 11.07
-21.02 12.78
31.54 -17.46
20.22 -5.96
54.99 10.65
18.60 4.26
15.36 20.87
8.89 -12.35
21.02 -4.26
15.36 -7.67
18.60 -6.39
43.67 -11.50
46.09 0.85
25.07 14.48
39.62 2.98
0.81 -21.30
-11.32 12.35
-14.56 11.93
13.75 -4.26
4.85 -10.22
17.79 -9.80
35.58 -14.48
16.98 -11.93
-3.23 5.96
32.35 6.39
-8.89 9.37
16.17 5.96
46.09 2.13
-20.22 -3.83
-10.51 0.43
8.89 -2.13
31.54 0.85
34.77 11.93
0.00 -10.65
-23.45 17.04
21.02 11.50
16.98 -16.61
54.99 20.44
25.88 4.26
42.05 -12.35
-4.85 1.70
-21.83 -4.69
0.00 -6.39
4.85 14.48
-5.66 11.07
1.62 -15.33
35.58 17.04
8.09 -15.76
-2.43 17.46
-13.75 6.39
-13.75 -13.20
30.73 -4.69
-1.62 4.26
45.28 -2.98
-1.62 12.35
-16.17 21.30
-2.43 -11.93
4.04 -15.33
-9.70 -12.78
8.09 -4.26
9.70 6.39
22.64 -3.83
39.62 -8.09
27.49 5.11
6.47 -8.94
29.92 -14.06
44.47 -17.46
22.64 0.00
7.28 -2.56
52.56 -0.43
-8.09 13.20
-10.51 5.96
-11.32 6.81
2.43 3.83
26.68 17.46
1.62 19.17
-0.81 -4.69
43.67 17.04
38.01 -2.56
1.62 -1.28
27.49 -8.52
-8.09 13.63
38.01 8.94
8.89 -7.24
-7.28 -15.76
-23.45 -5.54
-4.04 13.20
29.92 -19.59
52.56 -0.43
41.24 -5.11
-1.62 2.13
50.94 18.74
-4.04 2.98
50.94 21.30
-18.60 10.65
40.43 -1.70
19.41 -3.41
6.47 -12.78
-23.45 -13.63
37.20 19.17
-12.94 11.07
-4.85 -13.20
25.07 16.19
4.85 3.41
40.43 -8.52
-4.85 14.06
32.35 17.46
25.07 18.32
4.85 3.41
48.52 8.94
-12.94 -14.48
-2.43 -11.50
-18.60 0.43
-5.66 -14.48
-23.45 -10.22
4.85 -2.98
53.37 17.04
-12.13 2.98
9.70 12.35
16.17 -3.41
-10.51 -11.50
-6.47 -8.94
-7.28 -16.19
-22.64 -18.74
54.18 17.46
-9.70 -16.19
3.23 0.85
-23.45 13.63
-23.45 -10.65
11.32 -1.28
32.35 9.37
56.60 -16.19
20.22 -11.50
-20.22 18.32
8.09 2.56
12.13 -6.81
-9.70 -5.54
-5.66 -17.89
47.71 -20.02
24.26 11.93
53.37 -20.87
11.32 19.59
-19.41 -11.07
20.22 8.52
53.37 20.87
37.20 13.20
-22.64 -11.50
21.02 14.06
52.56 14.06
18.60 -15.76
14.56 -1.28
38.01 -16.61
-5.66 -7.24
14.56 8.09
23.45 14.91
25.07 -19.17
-8.09 -20.44
-3.23 9.80
-9.70 -6.39
-2.43 6.39
52.56 -7.67
14.56 -12.78
0.00 5.11
55.80 9.37
-23.45 -2.13
26.68 10.65
3.23 -15.33
0.81 17.04
42.05 -9.80
-10.51 8.52
-19.41 11.50
-8.09 -20.87
54.99 -8.09
25.07 -9.80
3.23 -12.35
38.01 1.70
54.99 -10.65
19.41 5.11
46.09 -19.17
40.43 -21.30
33.96 -17.46
29.11 0.43
0.81 17.89
2.43 15.76
-12.13 15.76
-4.85 -2.56
-14.56 -14.06
31.54 -5.54
7.28 5.11
-14.56 19.59
42.05 -7.67
0.81 -9.80
24.26 15.76
17.79 -4.69
20.22 -2.56
27.49 17.04
0.00 -15.76
-2.43 -5.11
-23.45 -5.96
11.32 -11.50
-3.23 -7.24
53.37 -11.93
-21.83 11.93
-16.98 0.85
42.05 14.48
40.43 -0.85
-8.89 7.24
50.94 3.83
-8.89 -13.20
42.05 9.80
7.28 20.87
-16.98 20.87
31.54 -19.17
41.24 12.78
-12.13 16.19
52.56 20.87
37.20 14.91
8.09 12.35
-24.26 -2.13
36.39 -15.33
36.39 5.96
-14.56 -6.81
31.54 -9.80
-18.60 6.81
-14.56 14.91
-8.09 13.63
34.77 1.28
-16.98 -7.24
7.28 10.65
29.11 -2.98
37.20 -18.32
-12.13 10.65
49.33 -17.46
-23.45 2.56
30.73 20.02
0.00 12.78
4.85 -17.89
-1.62 5.96
45.28 -14.48
-17.79 0.43
-11.32 -6.39
4.85 3.41
-15.36 -1.28
42.05 -11.07
8.89 -7.67
49.33 -20.44
13.75 15.33
21.02 6.81
7.28 17.46
-21.02 -14.48
27.49 8.09
41.24 15.33
-15.36 -6.39
-5.66 8.94
-12.13 14.48
12.13 2.98
38.01 17.89
-16.98 -0.85
22.64 3.41
-4.04 5.11
-20.22 -15.33
19.41 5.54
21.83 17.46
-17.79 10.65
12.13 17.04
-16.17 -9.80
5.66 -20.87
16.98 14.91
-12.13 -2.98
11.32 8.09
29.92 -3.83
29.92 -15.33
53.37 3.83
33.15 9.80
-9.70 11.07
10.51 17.89
34.77 -9.80
41.24 8.94
40.43 4.26
6.47 -2.56
-23.45 18.74
-9.70 -11.50
54.18 13.20
-7.28 -8.09
-1.62 -16.19
15.36 16.61
29.92 -8.09
7.28 20.02
-13.75 5.96
-0.81 4.26
14.56 -5.54
41.24 -2.56
-3.23 -11.07
35.58 4.26
5.66 13.20
19.41 -2.13
-3.23 8.94
4.85 -16.19
45.28 -4.26
36.39 -19.17
15.36 18.32
11.32 -10.22
-9.70 -10.65
0.00 3.83
-3.23 3.83
36.39 4.69
40.43 14.91
33.96 -0.43
0.00 -19.59
46.09 -20.87
-1.62 9.80
41.24 19.59
-16.98 3.41
4.04 -21.30
52.56 8.52
-16.17 -2.56
20.22 7.67
24.26 9.37
-23.45 -8.09
27.49 4.26
22.64 -12.35
4.04 -8.09
-19.41 4.69
-4.85 19.59
-7.28 -8.94
8.09 4.26
-12.94 15.33
-23.45 -0.85
16.17 15.33
55.80 -11.07
26.68 6.81
-2.43 21.30
50.94 -5.54
-8.09 5.11
46.90 -21.30
-2.43 -9.80
-23.45 -17.04
23.45 17.89
31.54 2.56
33.96 20.87
-23.45 4.26
4.85 -6.81
13.75 -2.98
23.45 4.69
1.62 14.48
21.83 -15.33
27.49 -9.80
44.47 18.32
29.92 18.74
-10.51 -15.33
-18.60 3.41
-11.32 -20.87
-12.13 -18.32
50.94 -10.22
44.47 -18.74
-16.17 15.33
12.13 -5.96
41.24 -15.33
31.54 -2.13
53.37 -19.59
53.37 -7.67
18.60 19.17
46.90 -4.26
54.99 -20.02
-8.09 -4.69
49.33 -5.11
44.47 5.11
3.23 13.63
48.52 11.93
-24.26 20.02
4.04 -12.35
40.43 16.19
52.56 -4.69
4.04 -9.37
42.86 12.35
-12.94 5.54
35.58 -11.07
4.85 -17.04
48.52 1.70
10.51 -10.65
17.79 4.69
-20.22 -7.24
38.01 -8.52
42.86 -4.69
-5.66 1.70
12.13 -20.87
47.71 -2.98
47.71 -14.48
-9.70 -15.33
30.73 0.00
-13.75 -6.81
0.00 17.04
49.33 -2.56
38.81 -11.07
19.41 5.11
-16.17 -12.78
10.51 7.67
-21.02 18.32
12.13 -9.37
4.85 1.70
8.89 19.17
29.11 16.19
-19.41 10.22
53.37 -8.52
54.18 18.32
20.22 -6.39
22.64 0.43
27.49 -4.26
25.07 11.93
35.58 7.24
2.43 -8.94
4.85 -17.04
46.09 5.54
-1.62 17.04
55.80 11.93
23.45 -10.22
42.86 -0.43
33.15 -5.96
21.02 -18.74
33.96 8.52
6.47 -10.22
43.67 -8.94
41.24 13.63
15.36 1.70
-12.13 -13.63
33.15 3.83
50.94 16.61
-13.75 -3.41
50.13 19.17
39.62 16.61
41.24 18.74
8.89 5.96
31.54 8.52
0.81 -17.89
50.94 -1.28
12.13 -13.20
25.07 13.20
12.94 9.37
25.88 -15.76
26.68 8.94
18.60 -16.61
41.24 -14.91
-6.47 -16.61
27.49 0.85
-23.45 -14.91
-14.56 -2.13
52.56 -18.74
-8.89 -5.11
2.43 -16.19
-12.94 9.80
26.68 0.43
-20.22 -1.28
-4.85 -9.80
47.71 13.20
-11.32 -19.59
-23.45 15.76
9.70 -2.56
-16.98 -3.83
8.09 -6.81
46.09 -15.33
26.68 17.46
16.17 -17.89
4.85 11.93
12.94 -3.41
39.62 17.89
-18.60 9.37
26.68 -12.78
45.28 7.24
46.09 19.59
39.62 11.93
25.88 18.74
-10.51 14.06
-8.89 8.09
10.51 12.35
37.20 -11.93
26.68 5.54
-12.13 -11.50
26.68 -19.17
39.62 -2.13
-10.51 9.37
38.01 2.98
54.18 -1.70
50.13 8.52
14.56 10.65
0.81 -5.54
-6.47 -17.46
-16.17 -2.13
37.20 -4.69
16.17 -13.20
15.36 5.11
33.96 16.19
-8.09 15.76
12.13 9.37
13.75 -15.76
-14.56 -7.67
-23.45 0.43
42.86 8.52
-1.62 6.81
42.86 19.59
9.70 7.24
-3.23 -3.41
-21.83 8.09
25.07 -1.70
4.04 -17.89
28.30 2.98
-0.81 -14.91
-6.47 -7.67
12.13 -1.28
34.77 -2.13
-8.09 -2.56
-9.70 -15.76
-4.04 -20.02
16.98 16.61
-10.51 21.30
24.26 -13.20
12.94 2.13
4.85 8.09
11.32 15.76
-8.89 -17.46
-6.47 -3.41
-16.17 -12.35
30.73 -7.67
52.56 -14.06
7.28 -13.63
50.13 -18.32
16.98 -2.56
20.22 10.65
25.88 12.35
36.39 -5.54
24.26 -20.44
29.92 20.02
-2.43 -7.67
29.92 -15.33
12.94 14.48
-4.04 20.44
-4.85 -7.24
-13.75 -12.35
43.67 11.93
29.11 6.39
-21.02 10.65
16.17 10.22
36.39 1.70
21.02 -4.26
55.80 15.33
24.26 6.39
46.09 7.67
28.30 16.61
31.54 -10.65
40.43 -9.37
50.94 -13.63
-7.28 -0.43
-1.62 -19.17
24.26 -20.02
-8.09 -8.94
32.35 8.94
49.33 11.07
39.62 -15.33
3.23 -19.59
1.62 -20.44
39.62 -2.13
41.24 -1.70
-6.47 -10.65
39.62 8.52
-16.17 21.30
-9.70 8.52
-23.45 19.59
46.90 16.61
41.24 11.93
-12.94 14.06
22.64 7.24
-20.22 5.54
44.47 -5.96
38.81 -5.54
31.54 -18.32
-0.81 -7.24
-17.79 18.74
7.28 -0.43
24.26 19.59
29.92 18.32
16.98 11.50
6.47 -4.26
-1.62 -2.13
-10.51 9.37
56.60 3.83
-12.94 20.87
-2.43 -17.89
50.13 3.83
54.99 15.76
23.45 11.07
4.04 11.93
29.11 -7.67
50.94 -11.07
16.17 20.44
42.86 17.46
49.33 -5.11
15.36 -5.54
-6.47 -0.85
18.60 -2.56
44.47 -14.48
4.85 -4.69
16.17 9.37
-15.36 -18.74
49.33 11.50
39.62 -15.76
36.39 -8.94
-21.02 -16.61
42.05 11.50
-17.79 8.09
16.17 20.02
23.45 -14.48
-20.22 6.39
-8.89 16.61
29.11 -16.61
49.33 4.69
19.41 10.22
30.73 2.13
-17.79 -19.17
11.32 4.69
47.71 14.91
28.30 10.65
-8.09 -5.11
6.47 13.63
40.43 4.26
-5.66 17.89
52.56 17.04
36.39 21.30
19.41 -1.28
-5.66 -4.69
2.43 -12.78
51.75 -2.13
51.75 6.81
-8.89 13.20
-6.47 7.67
8.09 -4.69
-21.83 0.00
55.80 -3.41
45.28 5.96
29.92 -10.65
51.75 -12.35
35.58 -3.83
-10.51 -8.94
33.15 10.22
9.70 5.11
-18.60 6.81
-2.43 2.13
7.28 18.32
36.39 4.69
43.67 13.20
23.45 2.13
15.36 14.91
-12.13 -20.02
14.56 2.56
25.07 -4.26
30.73 -21.30
27.49 4.26
-24.26 -11.93
-17.79 -17.89
-17.79 0.43
-16.98 -7.24
50.94 -13.63
52.56 -16.61
53.37 18.74
51.75 -12.78
24.26 -2.56
-22.64 -21.30
12.13 17.04
-17.79 5.54
42.05 -20.44
35.58 17.89
-22.64 2.98
-18.60 6.39
21.02 -17.46
55.80 -2.13
0.00 -1.28
0.00 11.07
-1.62 -1.70
-8.89 11.50
-14.56 3.83
23.45 10.65
13.75 -7.67
23.45 -20.02
7.28 -15.76
34.77 5.54
25.07 0.85
29.92 -3.41
19.41 19.17
-10.51 -8.94
9.70 -5.96
35.58 6.81
24.26 -2.13
52.56 -8.52
-5.66 -16.61
21.83 19.17
27.49 0.00
35.58 -7.24
-24.26 -18.74
16.17 -0.85
4.85 -2.13
47.71 8.94
-1.62 16.19
6.47 8.09
54.18 -6.81
-21.02 -20.44
0.00 -0.43
48.52 -17.89
31.54 -6.39
35.58 -14.06
0.00 4.69
36.39 -20.87
33.15 11.07
36.39 -7.67
52.56 20.44
28.30 -10.22
-18.60 3.83
-2.43 -8.94
35.58 -5.96
41.24 -15.33
1.62 -1.28
11.32 14.91
50.13 5.96
-2.43 0.00
54.18 -5.11
53.37 10.22
0.00 -2.98
29.11 -19.17
32.35 7.24
22.64 -7.67
23.45 -17.89
38.81 14.91
23.45 -8.94
-19.41 -16.61
46.90 6.81
11.32 -20.02
19.41 19.17
45.28 10.65
13.75 -16.61
40.43 10.65
-8.09 -14.48
-4.04 -11.50
41.24 -18.74
50.94 -5.96
54.99 -19.59
-24.26 -13.20
33.15 14.91
33.96 12.35
5.66 20.87
51.75 0.43
